48.2715 	48.2715 	48.2715 	48.2715 	48.2716 	48.2716 	48.2716 	48.2717 	48.2718 	48.272 	48.2721 	48.2723 	48.2725 	48.2727 	48.2728 	48.2729 	48.273 	48.273 	48.2731 	48.2731 	48.2731 	48.2731 	48.2731 	48.2731 	48.2731 	48.2731 	48.2731 	48.2731 	48.2731 	48.2731 	48.2731 	48.2731 	48.2731 	48.2731 	48.2731 	48.2731 	48.2731 	48.2731 	48.2731 	48.2731 	
48.2705 	48.2705 	48.2705 	48.2706 	48.2706 	48.2707 	48.2707 	48.2709 	48.271 	48.2713 	48.2715 	48.2718 	48.2721 	48.2724 	48.2726 	48.2728 	48.2729 	48.273 	48.273 	48.2731 	48.2731 	48.2731 	48.2731 	48.2731 	48.2731 	48.2731 	48.2731 	48.2731 	48.2731 	48.2731 	48.2731 	48.2731 	48.2731 	48.2731 	48.2731 	48.2731 	48.2731 	48.2731 	48.2731 	48.2731 	
48.2689 	48.269 	48.269 	48.269 	48.2691 	48.2692 	48.2693 	48.2695 	48.2698 	48.2701 	48.2706 	48.271 	48.2715 	48.2719 	48.2723 	48.2726 	48.2727 	48.2729 	48.273 	48.273 	48.2731 	48.2731 	48.2731 	48.2731 	48.2731 	48.2731 	48.2731 	48.2731 	48.2731 	48.2731 	48.2731 	48.2731 	48.2731 	48.2731 	48.2731 	48.2731 	48.2731 	48.2731 	48.2731 	48.2731 	
48.2664 	48.2664 	48.2665 	48.2665 	48.2666 	48.2668 	48.267 	48.2673 	48.2677 	48.2683 	48.269 	48.2698 	48.2705 	48.2712 	48.2718 	48.2722 	48.2725 	48.2727 	48.2729 	48.273 	48.273 	48.2731 	48.2731 	48.2731 	48.2731 	48.2731 	48.2731 	48.2731 	48.2731 	48.2731 	48.2731 	48.2731 	48.2731 	48.2731 	48.2731 	48.2731 	48.2731 	48.2731 	48.2731 	48.2731 	
48.2624 	48.2624 	48.2625 	48.2626 	48.2627 	48.2629 	48.2633 	48.2638 	48.2645 	48.2654 	48.2665 	48.2677 	48.2689 	48.27 	48.2709 	48.2716 	48.2721 	48.2725 	48.2727 	48.2729 	48.273 	48.273 	48.2731 	48.2731 	48.2731 	48.2731 	48.2731 	48.2731 	48.2731 	48.2731 	48.2731 	48.2731 	48.2731 	48.2731 	48.2731 	48.2731 	48.2731 	48.2731 	48.2731 	48.2731 	
48.2559 	48.2559 	48.256 	48.2562 	48.2564 	48.2568 	48.2573 	48.2582 	48.2593 	48.2607 	48.2625 	48.2645 	48.2664 	48.2682 	48.2696 	48.2707 	48.2716 	48.2721 	48.2725 	48.2727 	48.2729 	48.273 	48.273 	48.2731 	48.2731 	48.2731 	48.2731 	48.2731 	48.2731 	48.2731 	48.2731 	48.2731 	48.2731 	48.2731 	48.2731 	48.2731 	48.2731 	48.2731 	48.2731 	48.2731 	
48.2454 	48.2455 	48.2457 	48.2459 	48.2463 	48.2469 	48.2478 	48.2491 	48.2509 	48.2533 	48.2561 	48.2592 	48.2623 	48.2652 	48.2675 	48.2693 	48.2706 	48.2715 	48.2721 	48.2725 	48.2727 	48.2729 	48.273 	48.273 	48.2731 	48.2731 	48.2731 	48.2731 	48.2731 	48.2731 	48.2731 	48.2731 	48.2731 	48.2731 	48.2731 	48.2731 	48.2731 	48.2731 	48.2731 	48.2731 	
48.2287 	48.2289 	48.2291 	48.2295 	48.2302 	48.2311 	48.2326 	48.2346 	48.2375 	48.2413 	48.2458 	48.2508 	48.2558 	48.2604 	48.2641 	48.267 	48.2691 	48.2705 	48.2714 	48.2721 	48.2725 	48.2727 	48.2729 	48.273 	48.273 	48.2731 	48.2731 	48.2731 	48.2731 	48.2731 	48.2731 	48.2731 	48.2731 	48.2731 	48.2731 	48.2731 	48.2731 	48.2731 	48.2731 	48.2731 	
48.2019 	48.2022 	48.2026 	48.2032 	48.2042 	48.2058 	48.2081 	48.2114 	48.216 	48.2221 	48.2294 	48.2374 	48.2454 	48.2527 	48.2587 	48.2633 	48.2666 	48.2689 	48.2704 	48.2714 	48.2721 	48.2725 	48.2727 	48.2729 	48.273 	48.273 	48.2731 	48.2731 	48.2731 	48.2731 	48.2731 	48.2731 	48.2731 	48.2731 	48.2731 	48.2731 	48.2731 	48.2731 	48.2731 	48.2731 	
48.159 	48.1594 	48.1601 	48.1611 	48.1627 	48.1651 	48.1688 	48.1742 	48.1816 	48.1913 	48.2029 	48.2158 	48.2287 	48.2403 	48.25 	48.2574 	48.2627 	48.2664 	48.2688 	48.2704 	48.2714 	48.272 	48.2724 	48.2727 	48.2729 	48.273 	48.273 	48.2731 	48.2731 	48.2731 	48.2731 	48.2731 	48.2731 	48.2731 	48.2731 	48.2731 	48.2731 	48.2731 	48.2731 	48.2731 	
48.0902 	48.0908 	48.0919 	48.0935 	48.0961 	48.1 	48.1059 	48.1145 	48.1264 	48.1419 	48.1606 	48.1812 	48.2018 	48.2205 	48.236 	48.2479 	48.2564 	48.2623 	48.2662 	48.2687 	48.2704 	48.2714 	48.272 	48.2724 	48.2727 	48.2729 	48.273 	48.273 	48.2731 	48.2731 	48.2731 	48.2731 	48.2731 	48.2731 	48.2731 	48.2731 	48.2731 	48.2731 	48.2731 	48.2731 	
47.9799 	47.981 	47.9826 	47.9852 	47.9893 	47.9956 	48.0051 	48.0188 	48.0379 	48.0627 	48.0927 	48.1258 	48.1588 	48.1888 	48.2136 	48.2326 	48.2463 	48.2557 	48.262 	48.2661 	48.2687 	48.2703 	48.2714 	48.272 	48.2724 	48.2727 	48.2729 	48.273 	48.273 	48.2731 	48.2731 	48.2731 	48.2731 	48.2731 	48.2731 	48.2731 	48.2731 	48.2731 	48.2731 	48.2731 	
47.8034 	47.8051 	47.8077 	47.8119 	47.8185 	47.8285 	47.8437 	47.8656 	47.8962 	47.936 	47.984 	48.0369 	48.0898 	48.1379 	48.1776 	48.2081 	48.2301 	48.2452 	48.2553 	48.2618 	48.266 	48.2687 	48.2703 	48.2714 	48.272 	48.2724 	48.2727 	48.2729 	48.273 	48.273 	48.2731 	48.2731 	48.2731 	48.2731 	48.2731 	48.2731 	48.2731 	48.2731 	48.2731 	48.2731 	
47.5211 	47.5238 	47.528 	47.5347 	47.5452 	47.5612 	47.5854 	47.6206 	47.6694 	47.733 	47.8098 	47.8946 	47.9794 	48.0563 	48.12 	48.1689 	48.2042 	48.2284 	48.2445 	48.255 	48.2617 	48.266 	48.2686 	48.2703 	48.2714 	48.272 	48.2724 	48.2727 	48.2729 	48.273 	48.273 	48.2731 	48.2731 	48.2731 	48.2731 	48.2731 	48.2731 	48.2731 	48.2731 	48.2731 	
47.0704 	47.0747 	47.0814 	47.0921 	47.1088 	47.1344 	47.1729 	47.229 	47.3069 	47.4085 	47.5313 	47.6668 	47.8025 	47.9256 	48.0277 	48.1061 	48.1626 	48.2014 	48.2272 	48.244 	48.2548 	48.2616 	48.2659 	48.2686 	48.2703 	48.2714 	48.272 	48.2724 	48.2727 	48.2729 	48.273 	48.273 	48.2731 	48.2731 	48.2731 	48.2731 	48.2731 	48.2731 	48.2731 	48.2731 	
46.3528 	46.3596 	46.3703 	46.3873 	46.4137 	46.4544 	46.5157 	46.6048 	46.7288 	46.8906 	47.0864 	47.3027 	47.5194 	47.7164 	47.8799 	48.0054 	48.0959 	48.1581 	48.1995 	48.2265 	48.2437 	48.2547 	48.2616 	48.2659 	48.2686 	48.2703 	48.2714 	48.272 	48.2724 	48.2727 	48.2729 	48.273 	48.273 	48.2731 	48.2731 	48.2731 	48.2731 	48.2731 	48.2731 	48.2731 	
45.2155 	45.2262 	45.2431 	45.2698 	45.3116 	45.3758 	45.4726 	45.6136 	45.8098 	46.0665 	46.3775 	46.7218 	47.0674 	47.3819 	47.6433 	47.8441 	47.989 	48.0887 	48.1551 	48.1983 	48.226 	48.2435 	48.2546 	48.2615 	48.2659 	48.2686 	48.2703 	48.2714 	48.272 	48.2724 	48.2727 	48.2729 	48.273 	48.273 	48.2731 	48.2731 	48.2731 	48.2731 	48.2731 	48.2731 	
43.426 	43.4427 	43.4691 	43.5108 	43.576 	43.6764 	43.8279 	44.0488 	44.357 	44.7613 	45.2525 	45.7979 	46.347 	46.8479 	47.265 	47.586 	47.8179 	47.9776 	48.084 	48.1532 	48.1975 	48.2257 	48.2434 	48.2546 	48.2615 	48.2659 	48.2686 	48.2703 	48.2714 	48.272 	48.2724 	48.2727 	48.2729 	48.273 	48.273 	48.2731 	48.2731 	48.2731 	48.2731 	48.2731 	
40.645 	40.6705 	40.711 	40.775 	40.875 	41.0294 	41.2625 	41.6037 	42.0813 	42.7107 	43.479 	44.3364 	45.2036 	45.998 	46.6616 	47.1735 	47.544 	47.7996 	47.9699 	48.0808 	48.1519 	48.197 	48.2255 	48.2433 	48.2545 	48.2615 	48.2659 	48.2686 	48.2703 	48.2714 	48.272 	48.2724 	48.2727 	48.2729 	48.273 	48.273 	48.2731 	48.2731 	48.2731 	48.2731 	
36.4135 	36.4513 	36.5114 	36.6063 	36.7552 	36.9854 	37.3344 	37.8478 	38.5709 	39.5312 	40.7135 	42.0441 	43.4004 	44.6514 	45.702 	46.5158 	47.1066 	47.5149 	47.7874 	47.9649 	48.0788 	48.1511 	48.1967 	48.2254 	48.2433 	48.2545 	48.2615 	48.2659 	48.2686 	48.2703 	48.2714 	48.272 	48.2724 	48.2727 	48.2729 	48.273 	48.273 	48.2731 	48.2731 	48.2731 	
30.2147 	30.2674 	30.3512 	30.4841 	30.693 	31.0177 	31.5134 	32.2495 	33.2992 	34.7132 	36.4809 	38.5004 	40.5874 	42.5342 	44.1841 	45.4708 	46.4092 	47.06 	47.4953 	47.7794 	47.9617 	48.0776 	48.1506 	48.1965 	48.2253 	48.2433 	48.2545 	48.2615 	48.2659 	48.2686 	48.2703 	48.2714 	48.272 	48.2724 	48.2727 	48.2729 	48.273 	48.273 	48.2731 	48.2731 	
21.7842 	21.8483 	21.9507 	22.1137 	22.372 	22.7782 	23.4086 	24.365 	25.7655 	27.7089 	30.2138 	33.1586 	36.2782 	39.2477 	41.8037 	43.8196 	45.3017 	46.3351 	47.0288 	47.4825 	47.7742 	47.9597 	48.0768 	48.1503 	48.1964 	48.2252 	48.2432 	48.2545 	48.2615 	48.2659 	48.2686 	48.2703 	48.2714 	48.272 	48.2724 	48.2727 	48.2729 	48.273 	48.273 	48.2731 	
12.1497 	12.2 	12.2815 	12.4141 	12.6312 	12.9881 	13.5755 	14.5331 	16.0513 	18.3341 	21.5024 	25.4689 	29.8876 	34.2574 	38.1248 	41.2356 	43.5536 	45.1842 	46.2854 	47.0083 	47.4743 	47.771 	47.9584 	48.0763 	48.1501 	48.1963 	48.2252 	48.2432 	48.2545 	48.2615 	48.2659 	48.2686 	48.2703 	48.2714 	48.272 	48.2724 	48.2727 	48.2729 	48.273 	48.273 	
6.69173 	6.63737 	6.55545 	6.43699 	6.27778 	6.09269 	5.94577 	5.99923 	6.56222 	8.07872 	10.9763 	15.393 	20.9766 	26.9751 	32.5816 	37.2561 	40.822 	43.3689 	45.1056 	46.2529 	46.9952 	47.4691 	47.7689 	47.9576 	48.0759 	48.15 	48.1963 	48.2252 	48.2432 	48.2545 	48.2615 	48.2659 	48.2686 	48.2703 	48.2714 	48.272 	48.2724 	48.2727 	48.2729 	48.273 	
23.6401 	23.2057 	22.5275 	21.4858 	19.9258 	17.6807 	14.6442 	10.9177 	7.00673 	3.9233 	2.95467 	5.03678 	10.1262 	17.1499 	24.6091 	31.2974 	36.6262 	40.5353 	43.2453 	45.0542 	46.232 	46.9869 	47.4658 	47.7676 	47.9571 	48.0757 	48.1499 	48.1963 	48.2252 	48.2432 	48.2545 	48.2615 	48.2659 	48.2686 	48.2703 	48.2714 	48.272 	48.2724 	48.2727 	48.2729 	
116.923 	115.333 	112.839 	108.978 	103.12 	94.5089 	82.4358 	66.6547 	48.0017 	28.8714 	12.8752 	3.35218 	1.57367 	6.16037 	14.1826 	22.8296 	30.3732 	36.1911 	40.3437 	43.1646 	45.0211 	46.2188 	46.9816 	47.4637 	47.7668 	47.9568 	48.0756 	48.1499 	48.1962 	48.2252 	48.2432 	48.2545 	48.2615 	48.2659 	48.2686 	48.2703 	48.2714 	48.272 	48.2724 	48.2727 	
436.53 	431.683 	424.067 	412.241 	394.217 	367.519 	329.63 	279.105 	217.348 	150.185 	87.3863 	39.0335 	10.6151 	0.797391 	3.52888 	12.0488 	21.5687 	29.7385 	35.9009 	40.2187 	43.1127 	45.0001 	46.2104 	46.9783 	47.4624 	47.7663 	47.9566 	48.0755 	48.1498 	48.1962 	48.2252 	48.2432 	48.2545 	48.2615 	48.2659 	48.2686 	48.2703 	48.2714 	48.272 	48.2724 	
1386.34 	1372.66 	1351.14 	1317.68 	1266.58 	1190.62 	1082.21 	936.325 	755.388 	553.846 	357.598 	194.974 	83.6449 	23.7313 	2.04814 	1.95899 	10.5959 	20.7132 	29.3169 	35.7118 	40.1385 	43.0798 	44.9869 	46.2051 	46.9762 	47.4616 	47.766 	47.9564 	48.0755 	48.1498 	48.1962 	48.2252 	48.2432 	48.2545 	48.2615 	48.2659 	48.2686 	48.2703 	48.2714 	48.272 	
4034.12 	3996.99 	3938.56 	3847.64 	3708.6 	3501.53 	3205.12 	2804.36 	2303.55 	1739.01 	1178.57 	698.952 	351.298 	141.615 	39.8079 	4.29395 	1.09252 	9.64135 	20.1498 	29.043 	35.5905 	40.0875 	43.059 	44.9786 	46.2018 	46.975 	47.4611 	47.7658 	47.9564 	48.0755 	48.1498 	48.1962 	48.2252 	48.2432 	48.2545 	48.2615 	48.2659 	48.2686 	48.2703 	48.2714 	
11172.7 	11074.1 	10918.8 	10677.2 	10307.4 	9756.05 	8965.5 	7893.78 	6548.91 	5022.87 	3492.14 	2160.18 	1167.7 	539.261 	203.586 	55.6608 	6.66889 	0.635431 	9.02791 	19.7861 	28.8677 	35.5136 	40.0554 	43.046 	44.9734 	46.1998 	46.9741 	47.4608 	47.7656 	47.9563 	48.0754 	48.1498 	48.1962 	48.2252 	48.2432 	48.2545 	48.2615 	48.2659 	48.2686 	48.2703 	
30059.7 	29801 	29393.8 	28759.7 	27789 	26341 	24262.5 	21440.4 	17890.4 	13846.7 	9766.55 	6183.03 	3472.72 	1713.46 	731.719 	260.519 	69.1515 	8.69725 	0.397674 	8.63866 	19.5542 	28.7566 	35.4651 	40.0352 	43.0378 	44.9701 	46.1985 	46.9736 	47.4606 	47.7656 	47.9563 	48.0754 	48.1498 	48.1962 	48.2252 	48.2432 	48.2545 	48.2615 	48.2659 	48.2686 	
79480.7 	78807.3 	77747.2 	76096.4 	73568.5 	69796 	64377.8 	57014.2 	47737.6 	37147.1 	26423.5 	16953.9 	9730.28 	4976.33 	2261.49 	904.062 	307.055 	79.5065 	10.2347 	0.272662 	8.39347 	19.4076 	28.6866 	35.4346 	40.0225 	43.0327 	44.9681 	46.1977 	46.9733 	47.4604 	47.7655 	47.9563 	48.0754 	48.1498 	48.1962 	48.2252 	48.2432 	48.2545 	48.2615 	48.2659 	
207943 	206198 	203451 	199173 	192622 	182842 	168790 	149683 	125589 	98045.9 	70097.4 	45336.4 	26352.2 	13757.8 	6470.87 	2746.3 	1042.74 	341.928 	86.9069 	11.3182 	0.205181 	8.23966 	19.3154 	28.6427 	35.4155 	40.0146 	43.0295 	44.9668 	46.1972 	46.9731 	47.4604 	47.7655 	47.9563 	48.0754 	48.1498 	48.1962 	48.2252 	48.2432 	48.2545 	48.2615 	
540512 	536003 	528906 	517852 	500920 	475642 	439317 	389903 	327561 	256232 	183760 	119426 	69949.3 	36967.6 	17738 	7784.43 	3133.41 	1145.64 	366.488 	91.9468 	12.0477 	0.167569 	8.1434 	19.2576 	28.6151 	35.4036 	40.0097 	43.0275 	44.966 	46.1969 	46.973 	47.4603 	47.7655 	47.9563 	48.0754 	48.1498 	48.1962 	48.2252 	48.2432 	48.2545 	
1.39934e+06 	1.38771e+06 	1.3694e+06 	1.34089e+06 	1.29721e+06 	1.232e+06 	1.13828e+06 	1.01075e+06 	849811 	665572 	478233 	311727 	183435 	97663.5 	47423.3 	21223.3 	8828.88 	3419.26 	1217.67 	383.064 	95.2715 	12.5251 	0.145956 	8.08325 	19.2214 	28.598 	35.3961 	40.0066 	43.0262 	44.9655 	46.1967 	46.9729 	47.4603 	47.7655 	47.9562 	48.0754 	48.1498 	48.1962 	48.2252 	48.2432 	
3.61375e+06 	3.58379e+06 	3.53662e+06 	3.46316e+06 	3.35062e+06 	3.18258e+06 	2.94105e+06 	2.61237e+06 	2.19748e+06 	1.72237e+06 	1.23903e+06 	809118 	477489 	255375 	124905 	56558.5 	23987.8 	9598.06 	3618.73 	1266.1 	393.937 	97.42 	12.8319 	0.133222 	8.04569 	19.1988 	28.5872 	35.3915 	40.0047 	43.0255 	44.9652 	46.1966 	46.9729 	47.4603 	47.7654 	47.9562 	48.0754 	48.1498 	48.1962 	48.2252 	
9.318e+06 	9.24087e+06 	9.11942e+06 	8.93025e+06 	8.64048e+06 	8.20779e+06 	7.58582e+06 	6.73937e+06 	5.67075e+06 	4.4468e+06 	3.20125e+06 	2.09287e+06 	1.23726e+06 	663573 	326002 	148675 	63794.3 	26020.6 	10133.9 	3752.58 	1297.79 	400.94 	98.7901 	13.0268 	0.125576 	8.02225 	19.1847 	28.5805 	35.3886 	40.0035 	43.025 	44.965 	46.1965 	46.9729 	47.4602 	47.7654 	47.9562 	48.0754 	48.1498 	48.1962 	
2.40032e+07 	2.38047e+07 	2.34921e+07 	2.30053e+07 	2.22595e+07 	2.11458e+07 	1.95449e+07 	1.73661e+07 	1.46153e+07 	1.14641e+07 	8.25675e+06 	5.40178e+06 	3.19694e+06 	1.71756e+06 	846121 	387577 	167487 	69109.8 	27435.2 	10493 	3840.06 	1318.17 	405.395 	99.6566 	13.1498 	0.120925 	8.00763 	19.1759 	28.5763 	35.3868 	40.0027 	43.0247 	44.9649 	46.1964 	46.9728 	47.4602 	47.7654 	47.9562 	48.0754 	48.1498 	
6.17954e+07 	6.12846e+07 	6.04804e+07 	5.92277e+07 	5.73087e+07 	5.44431e+07 	5.03238e+07 	4.47172e+07 	3.76382e+07 	2.95285e+07 	2.12732e+07 	1.39236e+07 	8.24603e+06 	4.43493e+06 	2.1885e+06 	1.00519e+06 	436281 	181298 	72806.8 	28382.8 	10727.6 	3896.26 	1331.12 	408.209 	100.202 	13.227 	0.118071 	7.99851 	19.1704 	28.5737 	35.3857 	40.0023 	43.0245 	44.9648 	46.1964 	46.9728 	47.4602 	47.7654 	47.9562 	48.0754 	
1.59031e+08 	1.57717e+08 	1.55648e+08 	1.52425e+08 	1.47488e+08 	1.40116e+08 	1.29518e+08 	1.15094e+08 	9.6881e+07 	7.60152e+07 	5.47733e+07 	3.58596e+07 	2.12463e+07 	1.14344e+07 	5.64849e+06 	2.59875e+06 	1.13097e+06 	472027 	190900 	75282.2 	29001.5 	10878.2 	3931.98 	1339.3 	409.978 	100.543 	13.2754 	0.116309 	7.99282 	19.167 	28.5721 	35.3849 	40.002 	43.0244 	44.9648 	46.1964 	46.9728 	47.4602 	47.7654 	47.9562 	
