48.2748 	48.2748 	48.2747 	48.2747 	48.2747 	48.2747 	48.2746 	48.2745 	48.2744 	48.2743 	48.2741 	48.2739 	48.2738 	48.2736 	48.2735 	48.2734 	48.2733 	48.2732 	48.2732 	48.2732 	48.2732 	48.2731 	48.2731 	48.2731 	48.2731 	48.2731 	48.2731 	48.2731 	48.2731 	48.2731 	48.2731 	48.2731 	48.2731 	48.2731 	48.2731 	48.2731 	48.2731 	48.2731 	48.2731 	48.2731 	
48.2757 	48.2757 	48.2757 	48.2757 	48.2757 	48.2756 	48.2755 	48.2754 	48.2752 	48.275 	48.2747 	48.2744 	48.2741 	48.2739 	48.2737 	48.2735 	48.2734 	48.2733 	48.2732 	48.2732 	48.2732 	48.2732 	48.2731 	48.2731 	48.2731 	48.2731 	48.2731 	48.2731 	48.2731 	48.2731 	48.2731 	48.2731 	48.2731 	48.2731 	48.2731 	48.2731 	48.2731 	48.2731 	48.2731 	48.2731 	
48.2773 	48.2773 	48.2773 	48.2772 	48.2772 	48.2771 	48.277 	48.2768 	48.2765 	48.2761 	48.2757 	48.2752 	48.2748 	48.2743 	48.274 	48.2737 	48.2735 	48.2734 	48.2733 	48.2732 	48.2732 	48.2732 	48.2732 	48.2731 	48.2731 	48.2731 	48.2731 	48.2731 	48.2731 	48.2731 	48.2731 	48.2731 	48.2731 	48.2731 	48.2731 	48.2731 	48.2731 	48.2731 	48.2731 	48.2731 	
48.2798 	48.2798 	48.2798 	48.2797 	48.2796 	48.2795 	48.2793 	48.2789 	48.2785 	48.2779 	48.2773 	48.2765 	48.2757 	48.2751 	48.2745 	48.2741 	48.2737 	48.2735 	48.2734 	48.2733 	48.2732 	48.2732 	48.2732 	48.2732 	48.2731 	48.2731 	48.2731 	48.2731 	48.2731 	48.2731 	48.2731 	48.2731 	48.2731 	48.2731 	48.2731 	48.2731 	48.2731 	48.2731 	48.2731 	48.2731 	
48.2839 	48.2839 	48.2838 	48.2837 	48.2835 	48.2833 	48.283 	48.2825 	48.2818 	48.2808 	48.2797 	48.2785 	48.2773 	48.2762 	48.2753 	48.2746 	48.2741 	48.2738 	48.2735 	48.2734 	48.2733 	48.2732 	48.2732 	48.2732 	48.2732 	48.2731 	48.2731 	48.2731 	48.2731 	48.2731 	48.2731 	48.2731 	48.2731 	48.2731 	48.2731 	48.2731 	48.2731 	48.2731 	48.2731 	48.2731 	
48.2904 	48.2903 	48.2902 	48.2901 	48.2898 	48.2895 	48.2889 	48.2881 	48.287 	48.2855 	48.2837 	48.2818 	48.2799 	48.2781 	48.2766 	48.2755 	48.2747 	48.2742 	48.2738 	48.2735 	48.2734 	48.2733 	48.2732 	48.2732 	48.2732 	48.2732 	48.2731 	48.2731 	48.2731 	48.2731 	48.2731 	48.2731 	48.2731 	48.2731 	48.2731 	48.2731 	48.2731 	48.2731 	48.2731 	48.2731 	
48.3008 	48.3007 	48.3006 	48.3003 	48.2999 	48.2993 	48.2984 	48.2971 	48.2953 	48.293 	48.2902 	48.287 	48.2839 	48.2811 	48.2787 	48.277 	48.2757 	48.2748 	48.2742 	48.2738 	48.2735 	48.2734 	48.2733 	48.2732 	48.2732 	48.2732 	48.2732 	48.2731 	48.2731 	48.2731 	48.2731 	48.2731 	48.2731 	48.2731 	48.2731 	48.2731 	48.2731 	48.2731 	48.2731 	48.2731 	
48.3175 	48.3174 	48.3171 	48.3167 	48.3161 	48.3152 	48.3137 	48.3116 	48.3087 	48.305 	48.3004 	48.2954 	48.2904 	48.2859 	48.2821 	48.2793 	48.2772 	48.2758 	48.2748 	48.2742 	48.2738 	48.2736 	48.2734 	48.2733 	48.2732 	48.2732 	48.2732 	48.2732 	48.2731 	48.2731 	48.2731 	48.2731 	48.2731 	48.2731 	48.2731 	48.2731 	48.2731 	48.2731 	48.2731 	48.2731 	
48.3444 	48.3441 	48.3437 	48.3431 	48.3421 	48.3405 	48.3382 	48.3349 	48.3303 	48.3242 	48.3169 	48.3089 	48.3009 	48.2936 	48.2876 	48.283 	48.2796 	48.2773 	48.2758 	48.2748 	48.2742 	48.2738 	48.2736 	48.2734 	48.2733 	48.2732 	48.2732 	48.2732 	48.2732 	48.2731 	48.2731 	48.2731 	48.2731 	48.2731 	48.2731 	48.2731 	48.2731 	48.2731 	48.2731 	48.2731 	
48.3874 	48.387 	48.3864 	48.3853 	48.3837 	48.3813 	48.3776 	48.3722 	48.3648 	48.3551 	48.3434 	48.3305 	48.3176 	48.306 	48.2963 	48.2889 	48.2836 	48.2799 	48.2775 	48.2759 	48.2749 	48.2742 	48.2738 	48.2736 	48.2734 	48.2733 	48.2732 	48.2732 	48.2732 	48.2732 	48.2731 	48.2731 	48.2731 	48.2731 	48.2731 	48.2731 	48.2731 	48.2731 	48.2731 	48.2731 	
48.4565 	48.4558 	48.4548 	48.4531 	48.4506 	48.4466 	48.4407 	48.4321 	48.4201 	48.4046 	48.3858 	48.3651 	48.3445 	48.3258 	48.3103 	48.2984 	48.2899 	48.284 	48.2801 	48.2775 	48.2759 	48.2749 	48.2742 	48.2738 	48.2736 	48.2734 	48.2733 	48.2732 	48.2732 	48.2732 	48.2732 	48.2731 	48.2731 	48.2731 	48.2731 	48.2731 	48.2731 	48.2731 	48.2731 	48.2731 	
48.5674 	48.5663 	48.5647 	48.562 	48.5579 	48.5516 	48.542 	48.5282 	48.509 	48.484 	48.4539 	48.4207 	48.3876 	48.3576 	48.3327 	48.3137 	48.3 	48.2905 	48.2843 	48.2802 	48.2776 	48.2759 	48.2749 	48.2742 	48.2738 	48.2736 	48.2734 	48.2733 	48.2732 	48.2732 	48.2732 	48.2732 	48.2731 	48.2731 	48.2731 	48.2731 	48.2731 	48.2731 	48.2731 	48.2731 	
48.7455 	48.7438 	48.7411 	48.7369 	48.7303 	48.7201 	48.7048 	48.6825 	48.6517 	48.6116 	48.5632 	48.51 	48.4568 	48.4086 	48.3687 	48.3382 	48.3162 	48.301 	48.291 	48.2844 	48.2803 	48.2776 	48.2759 	48.2749 	48.2742 	48.2738 	48.2736 	48.2734 	48.2733 	48.2732 	48.2732 	48.2732 	48.2732 	48.2731 	48.2731 	48.2731 	48.2731 	48.2731 	48.2731 	48.2731 	
49.032 	49.0293 	49.025 	49.0181 	49.0075 	48.9911 	48.9664 	48.9307 	48.8811 	48.8165 	48.7388 	48.6532 	48.5678 	48.4905 	48.4265 	48.3774 	48.3421 	48.3179 	48.3018 	48.2913 	48.2846 	48.2803 	48.2776 	48.2759 	48.2749 	48.2742 	48.2738 	48.2736 	48.2734 	48.2733 	48.2732 	48.2732 	48.2732 	48.2732 	48.2731 	48.2731 	48.2731 	48.2731 	48.2731 	48.2731 	
49.4935 	49.4891 	49.4821 	49.4711 	49.4539 	49.4274 	49.3877 	49.33 	49.2501 	49.1462 	49.021 	48.8834 	48.7462 	48.6219 	48.5192 	48.4405 	48.3838 	48.3449 	48.319 	48.3022 	48.2915 	48.2846 	48.2803 	48.2776 	48.2759 	48.2749 	48.2742 	48.2738 	48.2736 	48.2734 	48.2733 	48.2732 	48.2732 	48.2732 	48.2732 	48.2731 	48.2731 	48.2731 	48.2731 	48.2731 	
50.2388 	50.2317 	50.2203 	50.2025 	50.1746 	50.1318 	50.0675 	49.9743 	49.8452 	49.6773 	49.4755 	49.2538 	49.0329 	48.8331 	48.668 	48.5416 	48.4507 	48.3883 	48.3468 	48.3198 	48.3025 	48.2916 	48.2847 	48.2804 	48.2776 	48.2759 	48.2749 	48.2742 	48.2738 	48.2736 	48.2734 	48.2733 	48.2732 	48.2732 	48.2732 	48.2732 	48.2731 	48.2731 	48.2731 	48.2731 	
51.4475 	51.4358 	51.4174 	51.3883 	51.3429 	51.2733 	51.1687 	51.0172 	50.8076 	50.5356 	50.209 	49.8508 	49.4945 	49.1728 	48.9072 	48.7041 	48.5581 	48.4579 	48.3913 	48.348 	48.3203 	48.3027 	48.2917 	48.2847 	48.2804 	48.2776 	48.2759 	48.2749 	48.2742 	48.2738 	48.2736 	48.2734 	48.2733 	48.2732 	48.2732 	48.2732 	48.2732 	48.2731 	48.2731 	48.2731 	
53.4204 	53.4012 	53.3709 	53.3231 	53.2486 	53.1343 	52.9629 	52.7147 	52.3721 	51.9285 	51.3972 	50.8161 	50.2395 	49.72 	49.2919 	48.9652 	48.7306 	48.5696 	48.4627 	48.3932 	48.3488 	48.3206 	48.3029 	48.2917 	48.2847 	48.2804 	48.2776 	48.2759 	48.2749 	48.2742 	48.2738 	48.2736 	48.2734 	48.2733 	48.2732 	48.2732 	48.2732 	48.2732 	48.2731 	48.2731 	
56.6732 	56.6413 	56.5907 	56.5112 	56.3872 	56.197 	55.9125 	55.5013 	54.9353 	54.2048 	53.3333 	52.3841 	51.446 	50.6039 	49.9122 	49.3854 	49.0078 	48.749 	48.5773 	48.4658 	48.3945 	48.3493 	48.3208 	48.3029 	48.2917 	48.2847 	48.2804 	48.2776 	48.2759 	48.2749 	48.2742 	48.2738 	48.2736 	48.2734 	48.2733 	48.2732 	48.2732 	48.2732 	48.2732 	48.2731 	
62.1181 	62.0639 	61.978 	61.8428 	61.6323 	61.3101 	60.8289 	60.1356 	59.1852 	57.9645 	56.517 	54.9504 	53.4116 	52.0381 	50.9151 	50.0631 	49.454 	49.0374 	48.7613 	48.5823 	48.4678 	48.3953 	48.3496 	48.3209 	48.303 	48.2918 	48.2848 	48.2804 	48.2777 	48.2759 	48.2749 	48.2742 	48.2738 	48.2736 	48.2734 	48.2733 	48.2732 	48.2732 	48.2732 	48.2732 	
71.4376 	71.3428 	71.1925 	70.9562 	70.5889 	70.0276 	69.1919 	67.9928 	66.3586 	64.275 	61.8253 	59.1986 	56.6424 	54.3803 	52.5444 	51.1596 	50.1738 	49.5017 	49.0573 	48.7694 	48.5855 	48.4691 	48.3958 	48.3498 	48.321 	48.303 	48.2918 	48.2848 	48.2804 	48.2777 	48.2759 	48.2749 	48.2742 	48.2738 	48.2736 	48.2734 	48.2733 	48.2732 	48.2732 	48.2732 	
87.8943 	87.7217 	87.4486 	87.0197 	86.3539 	85.3392 	83.8342 	81.6872 	78.7835 	75.1177 	70.8591 	66.3526 	62.026 	58.2456 	55.2113 	52.9429 	51.3391 	50.2509 	49.5338 	49.0703 	48.7746 	48.5876 	48.4699 	48.3961 	48.3499 	48.321 	48.303 	48.2918 	48.2848 	48.2804 	48.2777 	48.2759 	48.2749 	48.2742 	48.2738 	48.2736 	48.2734 	48.2733 	48.2732 	48.2732 	
118.172 	117.842 	117.322 	116.505 	115.24 	113.318 	110.481 	106.462 	101.077 	94.3646 	86.686 	78.7028 	71.1798 	64.7247 	59.6268 	55.8668 	53.2358 	51.4642 	50.3027 	49.5547 	49.0786 	48.7779 	48.5889 	48.4704 	48.3963 	48.35 	48.3211 	48.303 	48.2918 	48.2848 	48.2804 	48.2777 	48.2759 	48.2749 	48.2742 	48.2738 	48.2736 	48.2734 	48.2733 	48.2732 	
176.721 	176.058 	175.01 	173.37 	170.834 	166.994 	161.355 	153.427 	142.92 	130.01 	115.512 	100.765 	87.1976 	75.836 	67.0648 	60.7204 	56.3495 	53.4402 	51.5482 	50.3365 	49.5682 	49.084 	48.78 	48.5897 	48.4707 	48.3964 	48.35 	48.3211 	48.303 	48.2918 	48.2848 	48.2804 	48.2777 	48.2759 	48.2749 	48.2742 	48.2738 	48.2736 	48.2734 	48.2733 	
296.319 	294.909 	292.682 	289.199 	283.827 	275.721 	263.878 	247.35 	225.686 	199.467 	170.601 	141.95 	116.326 	95.5091 	79.9105 	68.9275 	61.5281 	56.6868 	53.5775 	51.6032 	50.3583 	49.5767 	49.0873 	48.7813 	48.5902 	48.4709 	48.3965 	48.3501 	48.3211 	48.303 	48.2918 	48.2848 	48.2804 	48.2777 	48.2759 	48.2749 	48.2742 	48.2738 	48.2736 	48.2734 	
554.223 	551.068 	546.091 	538.314 	526.344 	508.334 	482.136 	445.826 	398.702 	342.469 	281.733 	222.922 	171.888 	131.826 	102.87 	83.1776 	70.3087 	62.0935 	56.9137 	53.6674 	51.6385 	50.3722 	49.5821 	49.0894 	48.7821 	48.5905 	48.471 	48.3965 	48.3501 	48.3211 	48.3031 	48.2918 	48.2848 	48.2804 	48.2777 	48.2759 	48.2749 	48.2742 	48.2738 	48.2736 	
1137.84 	1130.48 	1118.88 	1100.78 	1072.95 	1031.18 	970.637 	887.189 	779.773 	653.107 	518.559 	391.162 	283.752 	202.33 	145.759 	108.83 	85.6141 	71.2787 	62.4744 	57.0622 	53.7252 	51.661 	50.3809 	49.5855 	49.0907 	48.7827 	48.5907 	48.4711 	48.3966 	48.3501 	48.3211 	48.3031 	48.2918 	48.2848 	48.2804 	48.2777 	48.2759 	48.2749 	48.2742 	48.2738 	
2511.04 	2493.33 	2465.43 	2421.9 	2355.08 	2254.94 	2110.2 	1911.52 	1657.36 	1360.39 	1049.08 	759.689 	521.68 	346.934 	230.146 	157.169 	113.307 	87.332 	71.9333 	62.724 	57.1579 	53.7619 	51.6752 	50.3864 	49.5877 	49.0916 	48.783 	48.5909 	48.4712 	48.3966 	48.3501 	48.3211 	48.3031 	48.2918 	48.2848 	48.2804 	48.2777 	48.2759 	48.2749 	48.2742 	
5837.82 	5794.23 	5725.56 	5618.49 	5454.24 	5208.4 	4853.73 	4368.3 	3750.06 	3032.48 	2287.51 	1604.6 	1053.78 	659.941 	405.612 	253.207 	165.812 	116.479 	88.4946 	72.3631 	62.8848 	57.2187 	53.7852 	51.6841 	50.3898 	49.589 	49.0921 	48.7832 	48.5909 	48.4712 	48.3966 	48.3501 	48.3211 	48.3031 	48.2918 	48.2848 	48.2804 	48.2777 	48.2759 	48.2749 	
14065.3 	13956.3 	13784.7 	13517.1 	13106.9 	12493.4 	11609.4 	10401.9 	8868.71 	7097.23 	5270.57 	3612.58 	2294.29 	1370.51 	790.233 	454.848 	270.832 	171.973 	118.634 	89.2593 	72.6401 	62.9872 	57.2571 	53.7998 	51.6897 	50.392 	49.5898 	49.0924 	48.7833 	48.591 	48.4712 	48.3966 	48.3501 	48.3211 	48.3031 	48.2918 	48.2848 	48.2804 	48.2777 	48.2759 	
34698.6 	34423.3 	33989.8 	33314.2 	32278.7 	30730.9 	28502.6 	25462.7 	21610.7 	17173.4 	12618.6 	8512.26 	5279.45 	3046.55 	1672.54 	900.702 	492.795 	283.475 	176.174 	120.054 	89.7528 	72.8165 	63.0518 	57.2812 	53.8089 	51.6932 	50.3933 	49.5903 	49.0926 	48.7834 	48.591 	48.4712 	48.3966 	48.3501 	48.3211 	48.3031 	48.2918 	48.2848 	48.2804 	48.2777 	
86920.3 	86220.3 	85117.9 	83400.5 	80768.6 	76836.2 	71177.8 	63464.9 	53703.9 	42482.1 	30997.5 	20689.3 	12627.8 	7114.23 	3770.29 	1930.74 	986.461 	520.172 	292.131 	178.952 	120.972 	90.0673 	72.928 	63.0924 	57.2964 	53.8146 	51.6954 	50.3942 	49.5907 	49.0927 	48.7834 	48.591 	48.4712 	48.3966 	48.3501 	48.3211 	48.3031 	48.2918 	48.2848 	48.2804 	
219874 	218087 	215272 	210887 	204169 	194132 	179695 	160028 	135158 	106602 	77432.7 	51327 	30999 	17186.3 	8890.57 	4392.8 	2132.31 	1048.63 	538.99 	297.869 	180.75 	121.558 	90.2661 	72.9981 	63.1179 	57.3058 	53.8182 	51.6967 	50.3947 	49.5909 	49.0928 	48.7835 	48.591 	48.4712 	48.3966 	48.3501 	48.3211 	48.3031 	48.2918 	48.2848 	
559646 	555069 	547863 	536637 	519438 	493749 	456806 	406493 	342906 	269953 	195523 	129033 	77401.3 	42466.1 	21618.5 	10424.9 	4880.78 	2279 	1091.5 	551.494 	301.591 	181.898 	121.928 	90.3912 	73.042 	63.1338 	57.3118 	53.8204 	51.6976 	50.395 	49.591 	49.0929 	48.7835 	48.591 	48.4712 	48.3966 	48.3501 	48.3211 	48.3031 	48.2918 	
1.43002e+06 	1.41828e+06 	1.3998e+06 	1.37101e+06 	1.32691e+06 	1.26104e+06 	1.16632e+06 	1.03736e+06 	874420 	687577 	497099 	327134 	195386 	106482 	53646.6 	25457.9 	11631.2 	5236.85 	2380.39 	1120.05 	559.617 	303.97 	182.625 	122.161 	90.4696 	73.0695 	63.1438 	57.3154 	53.8218 	51.6981 	50.3952 	49.5911 	49.0929 	48.7835 	48.5911 	48.4713 	48.3966 	48.3501 	48.3211 	48.3031 	
3.66296e+06 	3.63283e+06 	3.58538e+06 	3.51147e+06 	3.39824e+06 	3.22915e+06 	2.98603e+06 	2.65504e+06 	2.23694e+06 	1.75766e+06 	1.26929e+06 	833827 	496655 	269517 	134886 	63349.7 	28481.9 	12513 	5483.41 	2448.01 	1138.62 	564.815 	305.477 	183.083 	122.308 	90.5186 	73.0866 	63.15 	57.3177 	53.8227 	51.6985 	50.3953 	49.5911 	49.0929 	48.7835 	48.5911 	48.4713 	48.3966 	48.3501 	48.3211 	
9.39692e+06 	9.3195e+06 	9.19761e+06 	9.00773e+06 	8.71686e+06 	8.28248e+06 	7.65796e+06 	6.8078e+06 	5.73405e+06 	4.50339e+06 	3.24977e+06 	2.13249e+06 	1.268e+06 	686252 	342007 	159566 	71001.6 	30695.3 	13124.3 	5648.04 	2492.05 	1150.51 	568.111 	306.426 	183.37 	122.399 	90.5493 	73.0974 	63.1539 	57.3192 	53.8232 	51.6987 	50.3954 	49.5912 	49.0929 	48.7835 	48.5911 	48.4713 	48.3966 	48.3501 	
2.41298e+07 	2.39308e+07 	2.36175e+07 	2.31295e+07 	2.2382e+07 	2.12656e+07 	1.96606e+07 	1.74759e+07 	1.47168e+07 	1.15549e+07 	8.33457e+06 	5.46533e+06 	3.24623e+06 	1.75393e+06 	871789 	405043 	179045 	76606.7 	32231 	13532.8 	5755.31 	2520.27 	1158.05 	570.187 	307.022 	183.549 	122.456 	90.5684 	73.1041 	63.1563 	57.3201 	53.8236 	51.6988 	50.3955 	49.5912 	49.0929 	48.7835 	48.5911 	48.4713 	48.3966 	
6.19984e+07 	6.14869e+07 	6.06815e+07 	5.94269e+07 	5.75051e+07 	5.46352e+07 	5.05093e+07 	4.48932e+07 	3.7801e+07 	2.96741e+07 	2.1398e+07 	1.40255e+07 	8.32509e+06 	4.49326e+06 	2.22967e+06 	1.0332e+06 	454817 	193321 	80497.9 	33257.8 	13799.1 	5824.09 	2538.17 	1162.81 	571.49 	307.395 	183.662 	122.492 	90.5804 	73.1082 	63.1578 	57.3206 	53.8238 	51.6989 	50.3955 	49.5912 	49.0929 	48.7835 	48.5911 	48.4713 	
1.59356e+08 	1.58041e+08 	1.5597e+08 	1.52744e+08 	1.47803e+08 	1.40424e+08 	1.29816e+08 	1.15376e+08 	9.71421e+07 	7.62487e+07 	5.49734e+07 	3.6023e+07 	2.13731e+07 	1.1528e+07 	5.7145e+06 	2.64368e+06 	1.1607e+06 	491308 	203234 	83100.2 	33927.3 	13969.9 	5867.75 	2549.46 	1165.79 	572.305 	307.628 	183.732 	122.514 	90.5878 	73.1108 	63.1588 	57.321 	53.8239 	51.6989 	50.3955 	49.5912 	49.0929 	48.7835 	48.5911 	
