2.60404 	2.60404 	2.60404 	2.60404 	2.60404 	2.60404 	2.60404 	2.60403 	2.60403 	2.60403 	2.60403 	2.60402 	2.60402 	2.60401 	2.60401 	2.604 	2.604 	2.604 	2.604 	2.60399 	2.60399 	2.60399 	2.60399 	2.60399 	2.60399 	2.60399 	2.60399 	2.60399 	2.60399 	2.60399 	2.60399 	2.60399 	2.60399 	2.60399 	2.60399 	2.60399 	2.60399 	2.60399 	2.60399 	2.60399 	
2.60407 	2.60407 	2.60406 	2.60406 	2.60406 	2.60406 	2.60406 	2.60406 	2.60406 	2.60405 	2.60405 	2.60404 	2.60403 	2.60402 	2.60402 	2.60401 	2.604 	2.604 	2.604 	2.604 	2.60399 	2.60399 	2.60399 	2.60399 	2.60399 	2.60399 	2.60399 	2.60399 	2.60399 	2.60399 	2.60399 	2.60399 	2.60399 	2.60399 	2.60399 	2.60399 	2.60399 	2.60399 	2.60399 	2.60399 	
2.60411 	2.60411 	2.60411 	2.60411 	2.60411 	2.60411 	2.6041 	2.6041 	2.6041 	2.60409 	2.60408 	2.60407 	2.60406 	2.60404 	2.60403 	2.60402 	2.60401 	2.60401 	2.604 	2.604 	2.604 	2.60399 	2.60399 	2.60399 	2.60399 	2.60399 	2.60399 	2.60399 	2.60399 	2.60399 	2.60399 	2.60399 	2.60399 	2.60399 	2.60399 	2.60399 	2.60399 	2.60399 	2.60399 	2.60399 	
2.60418 	2.60418 	2.60418 	2.60418 	2.60418 	2.60417 	2.60417 	2.60417 	2.60416 	2.60415 	2.60414 	2.60412 	2.6041 	2.60408 	2.60405 	2.60404 	2.60402 	2.60401 	2.60401 	2.604 	2.604 	2.604 	2.60399 	2.60399 	2.60399 	2.60399 	2.60399 	2.60399 	2.60399 	2.60399 	2.60399 	2.60399 	2.60399 	2.60399 	2.60399 	2.60399 	2.60399 	2.60399 	2.60399 	2.60399 	
2.60429 	2.60429 	2.60429 	2.60429 	2.60429 	2.60429 	2.60428 	2.60427 	2.60426 	2.60424 	2.60422 	2.60419 	2.60416 	2.60413 	2.60409 	2.60406 	2.60404 	2.60403 	2.60401 	2.60401 	2.604 	2.604 	2.604 	2.60399 	2.60399 	2.60399 	2.60399 	2.60399 	2.60399 	2.60399 	2.60399 	2.60399 	2.60399 	2.60399 	2.60399 	2.60399 	2.60399 	2.60399 	2.60399 	2.60399 	
2.60447 	2.60447 	2.60447 	2.60447 	2.60447 	2.60446 	2.60445 	2.60444 	2.60442 	2.6044 	2.60436 	2.60432 	2.60426 	2.60421 	2.60415 	2.60411 	2.60407 	2.60404 	2.60403 	2.60401 	2.60401 	2.604 	2.604 	2.604 	2.60399 	2.60399 	2.60399 	2.60399 	2.60399 	2.60399 	2.60399 	2.60399 	2.60399 	2.60399 	2.60399 	2.60399 	2.60399 	2.60399 	2.60399 	2.60399 	
2.60477 	2.60476 	2.60476 	2.60476 	2.60475 	2.60475 	2.60473 	2.60471 	2.60468 	2.60464 	2.60458 	2.60451 	2.60443 	2.60434 	2.60425 	2.60418 	2.60412 	2.60408 	2.60405 	2.60403 	2.60401 	2.60401 	2.604 	2.604 	2.604 	2.60399 	2.60399 	2.60399 	2.60399 	2.60399 	2.60399 	2.60399 	2.60399 	2.60399 	2.60399 	2.60399 	2.60399 	2.60399 	2.60399 	2.60399 	
2.60523 	2.60523 	2.60523 	2.60522 	2.60521 	2.6052 	2.60518 	2.60515 	2.6051 	2.60503 	2.60494 	2.60482 	2.60469 	2.60454 	2.60441 	2.60429 	2.6042 	2.60413 	2.60408 	2.60405 	2.60403 	2.60401 	2.60401 	2.604 	2.604 	2.604 	2.60399 	2.60399 	2.60399 	2.60399 	2.60399 	2.60399 	2.60399 	2.60399 	2.60399 	2.60399 	2.60399 	2.60399 	2.60399 	2.60399 	
2.60598 	2.60598 	2.60597 	2.60596 	2.60595 	2.60593 	2.6059 	2.60585 	2.60577 	2.60566 	2.60552 	2.60533 	2.60511 	2.60488 	2.60466 	2.60447 	2.60432 	2.60421 	2.60413 	2.60408 	2.60405 	2.60403 	2.60402 	2.60401 	2.604 	2.604 	2.604 	2.60399 	2.60399 	2.60399 	2.60399 	2.60399 	2.60399 	2.60399 	2.60399 	2.60399 	2.60399 	2.60399 	2.60399 	2.60399 	
2.60718 	2.60718 	2.60717 	2.60715 	2.60713 	2.6071 	2.60705 	2.60697 	2.60685 	2.60667 	2.60644 	2.60613 	2.60578 	2.60541 	2.60506 	2.60475 	2.60451 	2.60434 	2.60422 	2.60414 	2.60408 	2.60405 	2.60403 	2.60402 	2.60401 	2.604 	2.604 	2.604 	2.60399 	2.60399 	2.60399 	2.60399 	2.60399 	2.60399 	2.60399 	2.60399 	2.60399 	2.60399 	2.60399 	2.60399 	
2.60911 	2.6091 	2.60909 	2.60906 	2.60903 	2.60898 	2.60889 	2.60876 	2.60857 	2.60829 	2.60791 	2.60743 	2.60686 	2.60626 	2.6057 	2.60521 	2.60483 	2.60455 	2.60436 	2.60423 	2.60414 	2.60409 	2.60405 	2.60403 	2.60402 	2.60401 	2.604 	2.604 	2.604 	2.60399 	2.60399 	2.60399 	2.60399 	2.60399 	2.60399 	2.60399 	2.60399 	2.60399 	2.60399 	2.60399 	
2.6122 	2.61219 	2.61216 	2.61213 	2.61207 	2.61199 	2.61185 	2.61165 	2.61134 	2.61089 	2.61028 	2.6095 	2.60859 	2.60764 	2.60673 	2.60595 	2.60534 	2.60489 	2.60457 	2.60437 	2.60423 	2.60414 	2.60409 	2.60405 	2.60403 	2.60402 	2.60401 	2.604 	2.604 	2.604 	2.60399 	2.60399 	2.60399 	2.60399 	2.60399 	2.60399 	2.60399 	2.60399 	2.60399 	2.60399 	
2.61716 	2.61714 	2.61711 	2.61705 	2.61696 	2.61682 	2.6166 	2.61627 	2.61577 	2.61506 	2.61408 	2.61283 	2.61137 	2.60984 	2.60838 	2.60713 	2.60615 	2.60543 	2.60493 	2.60459 	2.60437 	2.60423 	2.60414 	2.60409 	2.60405 	2.60403 	2.60402 	2.60401 	2.604 	2.604 	2.604 	2.60399 	2.60399 	2.60399 	2.60399 	2.60399 	2.60399 	2.60399 	2.60399 	2.60399 	
2.62513 	2.62509 	2.62504 	2.62495 	2.62481 	2.62458 	2.62423 	2.6237 	2.6229 	2.62175 	2.62017 	2.61817 	2.61583 	2.61337 	2.61103 	2.60902 	2.60745 	2.60629 	2.60549 	2.60495 	2.6046 	2.60438 	2.60423 	2.60414 	2.60409 	2.60405 	2.60403 	2.60402 	2.60401 	2.604 	2.604 	2.604 	2.60399 	2.60399 	2.60399 	2.60399 	2.60399 	2.60399 	2.60399 	2.60399 	
2.63793 	2.63788 	2.63779 	2.63764 	2.63741 	2.63705 	2.63649 	2.63563 	2.63435 	2.6325 	2.62997 	2.62675 	2.62299 	2.61904 	2.61528 	2.61206 	2.60953 	2.60768 	2.60639 	2.60553 	2.60497 	2.60461 	2.60438 	2.60423 	2.60414 	2.60409 	2.60405 	2.60403 	2.60402 	2.60401 	2.604 	2.604 	2.604 	2.60399 	2.60399 	2.60399 	2.60399 	2.60399 	2.60399 	2.60399 	
2.65854 	2.65844 	2.6583 	2.65807 	2.6577 	2.65712 	2.65621 	2.65483 	2.65276 	2.64978 	2.64572 	2.64054 	2.6345 	2.62814 	2.62211 	2.61694 	2.61288 	2.60991 	2.60785 	2.60646 	2.60556 	2.60498 	2.60461 	2.60438 	2.60424 	2.60414 	2.60409 	2.60405 	2.60403 	2.60402 	2.60401 	2.604 	2.604 	2.604 	2.60399 	2.60399 	2.60399 	2.60399 	2.60399 	2.60399 	
2.69175 	2.6916 	2.69137 	2.69099 	2.6904 	2.68946 	2.688 	2.68577 	2.68243 	2.67763 	2.67107 	2.66273 	2.65301 	2.64277 	2.63308 	2.62477 	2.61826 	2.61349 	2.61017 	2.60796 	2.60651 	2.60558 	2.60499 	2.60462 	2.60438 	2.60424 	2.60414 	2.60409 	2.60405 	2.60403 	2.60402 	2.60401 	2.604 	2.604 	2.604 	2.60399 	2.60399 	2.60399 	2.60399 	2.60399 	
2.74547 	2.74523 	2.74485 	2.74424 	2.74327 	2.74176 	2.73939 	2.73577 	2.73037 	2.72259 	2.71199 	2.69851 	2.68282 	2.66632 	2.65072 	2.63736 	2.62689 	2.61923 	2.61391 	2.61035 	2.60803 	2.60654 	2.60559 	2.60499 	2.60462 	2.60438 	2.60424 	2.60414 	2.60409 	2.60405 	2.60403 	2.60402 	2.60401 	2.604 	2.604 	2.604 	2.60399 	2.60399 	2.60399 	2.60399 	
2.83277 	2.83238 	2.83175 	2.83076 	2.82919 	2.82671 	2.82286 	2.81697 	2.80816 	2.79552 	2.77828 	2.7564 	2.73099 	2.70432 	2.67913 	2.65761 	2.64076 	2.62844 	2.6199 	2.61419 	2.61047 	2.60807 	2.60656 	2.6056 	2.605 	2.60462 	2.60438 	2.60424 	2.60414 	2.60409 	2.60405 	2.60403 	2.60402 	2.60401 	2.604 	2.604 	2.604 	2.60399 	2.60399 	2.60399 	
2.97574 	2.97509 	2.97407 	2.97243 	2.96985 	2.96578 	2.95944 	2.94974 	2.93528 	2.91453 	2.8863 	2.85055 	2.80914 	2.76581 	2.72501 	2.69024 	2.66308 	2.64326 	2.62953 	2.62036 	2.61438 	2.61054 	2.6081 	2.60657 	2.6056 	2.605 	2.60462 	2.60438 	2.60424 	2.60414 	2.60409 	2.60405 	2.60403 	2.60402 	2.60401 	2.604 	2.604 	2.604 	2.60399 	2.60399 	
3.21265 	3.21158 	3.20987 	3.20714 	3.20282 	3.19602 	3.18545 	3.16928 	3.14521 	3.11072 	3.06394 	3.00491 	2.93681 	2.86588 	2.7994 	2.743 	2.69907 	2.66711 	2.64501 	2.63026 	2.62066 	2.6145 	2.61059 	2.60812 	2.60657 	2.6056 	2.605 	2.60462 	2.60438 	2.60424 	2.60414 	2.60409 	2.60405 	2.60403 	2.60402 	2.60401 	2.604 	2.604 	2.604 	2.60399 	
3.61224 	3.6104 	3.60748 	3.60282 	3.59545 	3.58386 	3.56584 	3.53834 	3.49746 	3.43907 	3.36016 	3.26111 	3.14757 	3.03012 	2.92082 	2.82867 	2.75729 	2.70559 	2.66993 	2.64619 	2.63074 	2.62085 	2.61457 	2.61062 	2.60813 	2.60658 	2.60561 	2.605 	2.60462 	2.60438 	2.60424 	2.60414 	2.60409 	2.60405 	2.60403 	2.60402 	2.60401 	2.604 	2.604 	2.604 	
4.30355 	4.30032 	4.29517 	4.28699 	4.27403 	4.25366 	4.22206 	4.17388 	4.10248 	4.00088 	3.86435 	3.69423 	3.50099 	3.30314 	3.12093 	2.96882 	2.85197 	2.76786 	2.71014 	2.67183 	2.64696 	2.63105 	2.62097 	2.61462 	2.61064 	2.60814 	2.60658 	2.60561 	2.605 	2.60462 	2.60438 	2.60424 	2.60414 	2.60409 	2.60405 	2.60403 	2.60402 	2.60401 	2.604 	2.604 	
5.54208 	5.53617 	5.52674 	5.51176 	5.48805 	5.45083 	5.39315 	5.30544 	5.17589 	4.9925 	4.74787 	4.44606 	4.10748 	3.76577 	3.45578 	3.20068 	3.00714 	2.86921 	2.77525 	2.7132 	2.67307 	2.64745 	2.63125 	2.62105 	2.61465 	2.61065 	2.60815 	2.60658 	2.60561 	2.605 	2.60462 	2.60438 	2.60424 	2.60414 	2.60409 	2.60405 	2.60403 	2.60402 	2.60401 	2.604 	
7.86232 	7.85096 	7.83283 	7.80403 	7.75848 	7.68708 	7.57659 	7.40904 	7.16259 	6.8159 	6.35755 	5.79899 	5.18224 	4.5714 	4.02854 	3.59076 	3.26459 	3.03556 	2.88128 	2.78022 	2.71521 	2.67387 	2.64777 	2.63137 	2.6211 	2.61467 	2.61065 	2.60815 	2.60658 	2.60561 	2.605 	2.60462 	2.60438 	2.60424 	2.60414 	2.60409 	2.60405 	2.60403 	2.60402 	2.60401 	
12.4424 	12.4193 	12.3825 	12.324 	12.2316 	12.0869 	11.8635 	11.5256 	11.0309 	10.3396 	9.43478 	8.34729 	7.16846 	6.0273 	5.03908 	4.26326 	3.69956 	3.31212 	3.05548 	2.88941 	2.78348 	2.7165 	2.67437 	2.64797 	2.63145 	2.62113 	2.61468 	2.61066 	2.60815 	2.60659 	2.60561 	2.605 	2.60462 	2.60438 	2.60424 	2.60414 	2.60409 	2.60405 	2.60403 	2.60402 	
21.9967 	21.9472 	21.8683 	21.7429 	21.545 	21.2354 	20.7581 	20.0385 	18.9892 	17.5327 	15.6448 	13.4077 	11.0292 	8.78362 	6.89631 	5.46242 	4.45397 	3.78084 	3.34553 	3.06891 	2.89473 	2.78557 	2.71732 	2.67469 	2.64809 	2.6315 	2.62114 	2.61469 	2.61066 	2.60815 	2.60659 	2.60561 	2.605 	2.60462 	2.60438 	2.60424 	2.60414 	2.60409 	2.60405 	2.60403 	
43.0014 	42.8898 	42.712 	42.4297 	41.9844 	41.2884 	40.2171 	38.6055 	36.2647 	33.0341 	28.8832 	24.0274 	18.958 	14.288 	10.4833 	7.69589 	5.81 	4.59729 	3.83813 	3.36806 	3.07771 	2.89816 	2.78691 	2.71784 	2.6749 	2.64817 	2.63153 	2.62116 	2.61469 	2.61066 	2.60815 	2.60659 	2.60561 	2.605 	2.60462 	2.60438 	2.60424 	2.60414 	2.60409 	2.60405 	
91.3008 	91.0392 	90.6223 	89.9607 	88.9174 	87.2883 	84.7833 	81.0224 	75.5759 	68.0938 	58.5478 	47.4989 	36.1413 	25.9034 	17.8009 	12.0759 	8.36063 	6.07321 	4.69875 	3.87687 	3.38285 	3.08338 	2.90034 	2.78775 	2.71816 	2.67502 	2.64822 	2.63155 	2.62116 	2.6147 	2.61066 	2.60815 	2.60659 	2.60561 	2.605 	2.60462 	2.60438 	2.60424 	2.60414 	2.60409 	
206.345 	205.713 	204.706 	203.107 	200.588 	196.656 	190.615 	181.558 	168.47 	150.552 	127.813 	101.705 	75.1893 	51.7017 	33.5615 	21.1531 	13.418 	8.86859 	6.26056 	4.76755 	3.90233 	3.39238 	3.08698 	2.90172 	2.78828 	2.71837 	2.6751 	2.64825 	2.63156 	2.62117 	2.6147 	2.61067 	2.60815 	2.60659 	2.60561 	2.605 	2.60462 	2.60438 	2.60424 	2.60414 	
487.511 	485.95 	483.463 	479.519 	473.301 	463.601 	448.709 	426.402 	394.217 	350.26 	294.683 	231.239 	167.365 	111.517 	69.1894 	40.9902 	24.0153 	14.4534 	9.23242 	6.38809 	4.81286 	3.91875 	3.39845 	3.08926 	2.90258 	2.78861 	2.71849 	2.67515 	2.64827 	2.63157 	2.62117 	2.6147 	2.61067 	2.60815 	2.60659 	2.60561 	2.605 	2.60462 	2.60438 	2.60424 	
1187.04 	1183.13 	1176.9 	1167.02 	1151.45 	1127.17 	1089.9 	1034.11 	953.702 	844.058 	705.779 	548.546 	391.197 	254.873 	152.952 	86.3824 	47.4062 	26.2437 	15.1999 	9.4811 	6.47226 	4.84211 	3.92921 	3.40228 	3.09069 	2.90312 	2.78881 	2.71857 	2.67518 	2.64828 	2.63157 	2.62117 	2.6147 	2.61067 	2.60815 	2.60659 	2.60561 	2.605 	2.60462 	2.60438 	
2948.32 	2938.43 	2922.68 	2897.69 	2858.32 	2796.93 	2702.74 	2561.8 	2358.78 	2082.26 	1734.09 	1339.22 	945.649 	606.764 	355.763 	194.103 	101.368 	52.4402 	27.8599 	15.7123 	9.64568 	6.52669 	4.86076 	3.93582 	3.40469 	3.09159 	2.90346 	2.78894 	2.71862 	2.6752 	2.64829 	2.63157 	2.62117 	2.6147 	2.61067 	2.60815 	2.60659 	2.60561 	2.605 	2.60462 	
7417.47 	7392.3 	7352.22 	7288.64 	7188.47 	7032.28 	6792.67 	6434.26 	5918.22 	5215.78 	4332.3 	3332.02 	2337.61 	1484.84 	857.137 	456.679 	230.212 	113.197 	56.1103 	28.9739 	16.0524 	9.7523 	6.56142 	4.87255 	3.93997 	3.4062 	3.09215 	2.90367 	2.78903 	2.71866 	2.67521 	2.64829 	2.63157 	2.62117 	2.6147 	2.61067 	2.60815 	2.60659 	2.60561 	2.605 	
18814.4 	18750.1 	18647.7 	18485.3 	18229.4 	17830.4 	17218.4 	16303.1 	14985.7 	13193.1 	10940.1 	8391.98 	5863.04 	3699.93 	2114.17 	1108.79 	545.65 	258.843 	121.855 	58.6482 	29.7151 	16.2731 	9.82042 	6.58339 	4.87997 	3.94258 	3.40715 	3.0925 	2.90381 	2.78908 	2.71867 	2.67522 	2.6483 	2.63158 	2.62118 	2.6147 	2.61067 	2.60815 	2.60659 	2.60561 	
47970.1 	47805.4 	47543.2 	47127.2 	46471.9 	45450.1 	43883 	41539.4 	38166.7 	33579 	27815.3 	21301 	14842.6 	9327.62 	5295.09 	2748.75 	1331.37 	616.411 	279.86 	127.858 	60.3405 	30.1969 	16.4142 	9.86354 	6.59722 	4.88462 	3.94421 	3.40774 	3.09272 	2.90389 	2.78911 	2.71869 	2.67522 	2.6483 	2.63158 	2.62118 	2.6147 	2.61067 	2.60815 	2.60659 	
122706 	122283 	121611 	120544 	118863 	116242 	112222 	106211 	97562.2 	85799.2 	71024.9 	54333.6 	37796.8 	23690.4 	13392.7 	6906.9 	3311.16 	1508.75 	668.457 	294.457 	131.867 	61.4421 	30.5054 	16.5037 	9.89069 	6.60589 	4.88753 	3.94523 	3.40811 	3.09285 	2.90394 	2.78913 	2.71869 	2.67523 	2.6483 	2.63158 	2.62118 	2.6147 	2.61067 	2.60815 	
314518 	313433 	311706 	308966 	304650 	297920 	287600 	272168 	249963 	219768 	181849 	139021 	96607.8 	60451.8 	34085.1 	17505.5 	8337.27 	3759.97 	1639.38 	704.65 	304.218 	134.48 	62.1479 	30.7009 	16.56 	9.90772 	6.61132 	4.88935 	3.94586 	3.40834 	3.09294 	2.90397 	2.78914 	2.7187 	2.67523 	2.6483 	2.63158 	2.62118 	2.6147 	2.61067 	
807198 	804411 	799973 	792934 	781844 	764555 	738040 	698394 	641349 	563782 	466385 	356398 	247504 	154713 	87089.5 	44610.8 	21158.6 	9479.73 	4090.79 	1730.31 	728.872 	310.583 	136.155 	62.5956 	30.8242 	16.5953 	9.91838 	6.61471 	4.89048 	3.94626 	3.40848 	3.09299 	2.90399 	2.78915 	2.7187 	2.67523 	2.6483 	2.63158 	2.62118 	2.6147 	
2.0733e+06 	2.06613e+06 	2.05472e+06 	2.03663e+06 	2.00813e+06 	1.96369e+06 	1.89554e+06 	1.79365e+06 	1.64704e+06 	1.44769e+06 	1.1974e+06 	914780 	635016 	396686 	223068 	114077 	53964.7 	24077.8 	10322.3 	4321.17 	1791.19 	744.674 	314.666 	137.218 	62.8778 	30.9015 	16.6174 	9.92504 	6.61683 	4.89119 	3.94651 	3.40857 	3.09303 	2.90401 	2.78915 	2.7187 	2.67523 	2.6483 	2.63158 	2.62118 	
